0.025281 8
0.003812 78
8.061371 1
0.168736 1
0.414370 1
0.293225 1
0.205890 1
0.329064 1
2.321858 1
0.423598 1
0.313554 1
0.772169 1
0.297860 1
0.262732 11
0.004899 42
2.466413 2
0.075790 8
0.000369 78
11.758244 1
0.142946 1
0.144776 1
0.271200 2
0.002067 9
0.014049 10
0.000078 2
0.000980 86
12.392203 82
0.160150 82
0.023973 82
0.139961 82
0.138647 82
0.157742 82
5.364086 82
0.158289 82
0.148057 82
0.152355 82
0.145803 82
0.013004 82
0.134941 82
0.149399 82
31.732176 1
0.146776 1
0.973113 1
0.542001 3
0.568750 3
0.149876 3
0.162765 3
0.154688 3
1.343281 3
0.534374 3
0.147767 3
0.243208 3
0.219567 3
0.457464 3
1.310446 3
0.808140 3
0.144385 3
0.156806 3
0.330764 3
0.313279 3
0.146269 3
0.299489 3
0.928560 3
0.692076 3
0.375178 3
0.238318 3
1.069296 3
0.284982 3
0.164732 3
1.191025 3
0.505962 3
0.587409 3
0.263360 3
0.277631 3
0.117818 3
0.158659 3
0.119630 3
0.176861 3
0.675968 3
0.192103 3
0.173858 3
0.199039 3
2.670316 3
2.582666 7
0.500241 7
0.031580 7
0.030378 7
0.028715 7
0.030486 7
0.028046 7
0.029668 7
0.031254 7
0.029593 7
0.029482 7
0.030339 7
0.029854 7
0.030051 7
0.029226 7
0.031283 7
1.289900 3
0.159274 3
0.356739 3
0.904097 3
1.515414 3
0.150633 3
0.962360 3
0.228737 3
0.208847 3
1.630297 3
1.650515 3
0.953045 3
1.075247 3
0.531274 3
0.378717 3
0.157020 3
0.154370 3
4.428834 3
0.219883 3
1.029595 3
0.431924 3
0.146231 3
0.813458 7
1.177482 3
0.256881 3
0.597341 3
0.155807 3
6.781602 11
31.455805 4
0.003665 177
74.843813 1
0.339310 1
2.086581 165
1.305047 1
0.269457 1
0.394260 1
0.509108 1
0.970050 112
0.000027 78
29.847932 2
0.418076 5
0.675954 10
0.143871 53
0.299231 79
0.597098 54
6.359101 1
0.465985 1
0.500955 1
0.030605 1
0.030877 1
0.028252 1
0.030685 1
0.028832 1
0.030029 1
0.029997 1
0.030161 1
0.030405 1
0.030077 1
0.030747 1
0.029063 1
0.030184 1
0.029459 1
0.030085 1
0.031110 1
0.029428 1
0.032405 1
0.027651 1
0.028886 1
0.141384 1
0.956995 3
0.926649 5
0.339470 5
0.471343 5
0.566279 5
1.295977 5
0.146416 5
0.252150 5
0.178128 5
8.498175 3
0.182612 3
0.173868 3
0.218358 3
0.150856 3
0.153021 3
0.169919 3
0.152971 3
0.170693 3
0.183334 3
0.167513 3
0.197542 3
0.187907 3
0.211497 3
0.210890 3
0.201904 3
0.276382 3
0.207015 3
0.728661 3
0.350896 3
0.182257 3
0.560940 3
0.510681 3
2.677615 3
2.023506 339
26.949013 1
0.293990 1
0.409844 1
0.393999 1
1.425155 283
56.466051 1
0.234185 1
0.362900 1
0.397405 1
0.822015 1
0.722861 1
0.375764 1
1.338282 293
4.773093 1
0.227352 1
1.785136 1
0.365906 1
0.609479 1
0.378672 1
1.050617 1
0.967599 1
1.042267 1
0.303789 1
0.863352 1
0.300136 1
0.782656 1
1.518244 1
1.582764 1
0.451749 1
0.178881 1
6.703869 11
0.003572 8
0.007090 80
0.000609 38
0.000041 2
0.000250 8
0.000057 78
11.867002 17
7.197178 4
0.217880 4
0.447648 4
0.408237 4
1.810550 1
1.172266 1
0.585943 1
0.156375 1
0.679804 98
0.000400 8
0.000059 78
14.027704 1
0.232256 1
0.709957 1
0.148232 1
0.821329 1
0.610528 1
1.161345 1
4.343197 97
1.998996 1
0.453439 1
0.368962 1
0.516470 1
1.118749 281
39.805046 1
0.238679 1
0.408136 1
0.266925 1
0.219714 190
44.390552 1
0.551131 1
1.888422 72
5.263696 2
0.000373 88
4.572854 1
0.240810 1
0.387017 1
3.577465 1
0.142505 97
130.343735 1
0.231285 1
0.314720 1
0.431236 1
0.216269 17
