0.015546 8
0.000149 88
34.162639 1
0.152157 1
0.350967 1
0.372309 1
0.419994 1
0.162191 1
5.389015 4
0.433537 4
0.284941 4
0.923153 1
0.320103 1
0.140735 1
1.669820 11
0.329318 42
0.000125 2
0.008050 8
0.000324 88
2.574136 1
0.107406 1
0.083011 1
0.495179 1
0.121768 1
0.478288 1
0.101523 1
0.567988 1
0.225462 1
0.644232 4
0.469365 1
0.326960 1
0.248670 1
0.153078 11
0.059338 8
0.000668 54
0.000408 7
0.000122 6
0.003572 29
0.000395 32
0.000624 6
0.002865 3
0.000247 96
0.000398 6
0.000582 6
0.000099 215
0.000227 208
0.000104 5
0.000073 12
17.970901 14
0.600140 7
0.000175 15
0.000554 6
0.001033 5
0.000118 158
0.000354 94
0.000066 98
0.000042 13
0.000390 62
0.000069 146
0.000291 58
0.000099 75
0.000199 7
0.000052 11
0.000173 12
0.957251 6
0.000409 12
0.000124 3
0.014611 6
0.000528 12
0.000228 5
0.015682 6
0.000123 12
0.000451 6
0.008418 6
0.000285 12
0.000243 4
0.016659 6
0.001407 12
0.000571 13
0.000198 17
0.000299 166
0.000359 45
0.000451 14
0.013799 6
0.001063 12
0.000501 12
0.000082 17
0.000397 87
0.000090 156
0.000343 45
0.000076 13
0.000321 80
0.016284 6
0.000822 12
0.000197 12
0.000097 17
0.000562 13
0.000110 37
0.000662 6
0.000097 87
0.000647 46
0.000287 70
0.028616 6
0.002512 12
0.000289 3
0.000099 29
0.000323 18
0.000359 13
0.000064 37
0.000268 9
0.000059 7
0.000166 75
0.000384 36
0.000060 47
0.000296 24
0.000073 120
0.000366 18
0.000176 22
0.000342 22
0.000323 14
0.000080 34
0.000305 10
0.000265 8
0.000069 88
0.000284 48
0.000071 55
0.000342 11
0.000069 9
0.007634 6
0.001318 12
0.000459 4
0.000079 10
0.000550 70
0.000080 27
0.000202 64
0.000268 13
0.000466 74
0.000434 13
0.000081 9
0.000196 8
0.000318 69
0.000096 13
0.000308 37
0.000077 121
0.000352 11
0.000075 66
0.000267 17
0.000137 12
0.000492 22
0.000076 14
0.000308 41
0.000070 10
0.000297 8
0.000170 76
0.009205 6
0.001542 12
0.000446 4
0.000325 52
0.000383 9
0.000173 7
0.000335 123
0.000493 146
0.000073 142
0.000264 67
0.000094 39
0.000264 69
0.000064 21
0.000293 28
0.000075 20
0.000274 12
0.000070 35
0.000286 13
0.000055 10
0.000191 71
0.000273 28
0.000138 65
0.000149 13
0.000147 75
0.000244 14
0.000055 10
0.010149 6
0.001782 12
0.000210 7
0.000304 40
0.000406 13
0.000082 55
0.000328 95
0.000074 73
0.000342 75
0.000172 22
0.000356 133
0.000070 4
0.000433 108
0.000083 70
0.000211 1
0.000400 10
0.000081 10
0.000635 104
0.000208 117
0.000294 67
0.000141 10
0.000382 117
0.000322 161
0.000546 90
0.000133 46
0.000377 62
0.000068 39
0.000361 9
0.010553 6
0.001208 12
0.000533 7
0.000083 13
0.000252 20
0.000187 9
0.000370 87
0.000077 38
0.000203 11
0.000344 39
0.000242 10
0.000169 67
0.000405 11
0.000075 77
0.000248 12
0.000271 10
0.000202 12
0.000432 11
0.000081 21
0.000660 22
0.000209 10
0.000306 96
0.000346 40
0.000269 14
0.000522 56
0.000244 96
0.000704 74
0.000416 75
0.000963 23
0.000240 134
0.000081 4
0.000336 109
0.000084 68
0.005710 6
0.001000 12
0.000316 12
0.000227 18
0.000072 43
0.000412 13
0.000182 59
0.000299 45
0.000081 22
0.000384 114
0.000233 74
0.000197 154
0.000076 9
0.010349 6
0.000975 12
0.000187 12
0.000177 18
0.000189 209
0.000207 31
0.000284 55
0.000061 31
0.000041 6
0.000499 155
0.000068 54
0.000169 54
0.000402 74
0.000089 94
0.015674 6
0.001524 12
0.000430 12
0.000131 18
0.000403 59
0.000083 97
0.000463 46
0.000077 13
0.000191 55
0.000332 52
0.000220 38
0.000334 11
0.000068 11
0.009819 6
0.001009 12
0.000237 12
0.000303 18
0.000253 44
0.000169 34
0.000253 21
0.000062 13
0.000426 60
0.000082 97
0.000302 47
0.000070 14
0.013345 6
0.001950 12
0.000452 12
0.000121 17
0.000469 52
0.000414 73
0.000343 39
0.000161 47
0.000327 124
0.000110 34
0.000334 64
0.000542 70
0.012198 6
0.000919 12
0.000531 12
0.000100 17
0.000468 185
0.000103 93
0.000469 52
0.000100 97
0.000336 46
0.000097 13
0.000467 39
0.000087 51
0.013575 6
0.001009 12
0.000727 12
0.000108 17
0.000378 113
0.000395 42
0.000074 32
0.000348 65
0.000185 7
0.013124 6
0.001009 12
0.000701 12
0.000098 17
0.000356 148
0.000189 88
0.000341 79
0.000071 21
0.000382 14
0.000340 80
0.045588 6
0.000601 12
0.000500 12
0.000102 17
0.000312 53
0.015524 6
0.000695 12
0.000499 12
0.000359 17
0.000258 63
0.000267 103
0.014411 6
0.000466 12
0.000249 12
0.000316 17
0.000285 5
0.015303 6
0.001166 12
0.000592 11
0.000707 17
0.000496 123
0.000115 12
0.000260 159
0.000471 123
0.000370 6
0.013588 6
0.000883 12
0.000255 12
0.000224 17
0.000384 65
0.000302 78
0.000222 185
0.000187 83
0.000237 207
0.000062 6
0.013577 6
0.000840 12
0.000601 12
0.000086 17
0.000330 53
0.000067 46
0.000040 48
0.000556 37
0.000067 64
0.000345 67
0.031817 6
0.001080 12
0.000514 75
0.000085 7
0.000480 55
0.000080 41
0.000435 48
0.000273 33
0.000086 38
0.000309 19
0.000072 57
0.000313 50
0.000078 10
0.000423 44
0.000075 43
0.000328 57
0.000074 47
0.000348 52
0.000078 41
0.000318 8
0.000083 65
0.000403 71
0.011213 6
0.000744 12
0.000317 1
0.000131 24
0.000396 43
0.000091 33
0.000702 34
0.000096 33
0.000371 34
0.000075 35
0.000365 35
0.000068 37
0.000378 49
0.000077 45
0.000311 19
0.000242 76
0.000253 8
0.000343 56
0.000286 42
0.000414 49
0.000344 34
0.000070 39
0.000234 20
0.008797 6
0.000100 12
0.017939 6
0.000062 12
0.000257 6
0.000101 12
0.013508 6
0.000078 12
0.017039 6
0.000164 12
0.016611 6
0.000134 12
0.016594 18
0.000206 6
0.000053 12
0.016741 18
0.000505 18
0.015660 18
0.000257 18
0.016687 18
0.000387 18
0.015738 18
0.000505 18
0.016417 18
0.000345 18
0.016078 18
0.016922 18
0.017025 18
0.000350 18
0.048570 18
0.016761 18
0.017495 18
0.000231 18
0.017175 18
0.000429 18
0.033145 18
0.000622 18
0.015834 18
0.000097 18
0.016101 18
0.000288 18
0.016285 18
0.015986 18
0.000525 18
0.016446 18
0.000338 18
0.016382 18
0.000694 18
0.016116 18
0.000309 18
0.016135 18
0.000317 18
0.016562 18
0.000330 18
0.015900 18
0.000221 18
0.016377 18
0.000245 18
0.016384 18
0.000221 18
0.016661 18
0.000325 18
0.015947 18
0.016810 18
0.000309 18
0.019375 18
0.000624 6
0.000087 12
0.012926 18
0.000540 18
0.016381 18
0.000578 18
0.016164 18
0.000343 18
0.016596 18
0.000290 18
0.016150 18
0.000331 18
0.016174 18
0.016568 18
0.000158 18
0.016427 18
0.000221 18
0.016008 18
0.000080 18
0.016966 18
0.016744 18
0.016004 18
0.017066 18
1.313036 19
0.197110 19
1.390723 37
1.061888 19
0.723656 70
4.658726 1437
0.015487 1954
0.011108 32
0.000231 36
0.000502 1355
0.000215 8
0.000237 7
0.000231 7
0.000198 38
0.000556 473
0.000107 6
0.000569 12
0.000304 6
0.000063 6
0.000042 12
0.015015 32
0.000324 36
0.000522 1186
0.000091 8
0.000237 7
0.000063 7
0.000290 53
0.000828 477
0.000238 6
0.000094 12
0.000265 6
0.000066 6
0.000150 12
0.015284 32
0.000501 36
0.000385 1448
0.000229 8
0.000196 7
0.000062 7
0.000300 54
0.000580 281
0.000080 6
0.000314 12
0.000226 6
0.000065 6
0.000445 12
0.011954 32
0.000308 36
0.000440 1504
0.000237 8
0.000224 7
0.000127 7
0.000245 54
0.000580 484
0.000073 6
0.000139 12
0.000196 6
0.000300 6
0.000070 12
0.013997 32
0.000352 36
0.000415 1552
0.000100 8
0.000295 7
0.000196 7
0.000211 40
0.000556 486
0.000078 6
0.000211 12
0.000214 6
0.000285 6
0.000293 12
0.014495 32
0.000630 36
0.000535 1603
0.000348 8
0.000116 7
0.000048 7
0.000147 53
0.001409 260
0.000108 6
0.000478 12
0.000099 6
0.000233 6
0.000546 12
0.011748 32
0.000275 36
0.000349 1642
0.000093 8
0.000232 7
0.000056 7
0.000296 39
0.000620 509
0.000299 6
0.000195 12
0.000082 6
0.000043 6
0.000641 12
0.013448 32
0.000328 36
0.000543 1715
0.000112 8
0.000359 7
0.000214 7
0.000312 53
0.000627 359
0.000216 6
0.000073 12
0.000299 6
0.000110 6
0.000064 12
0.013573 32
0.000354 36
0.000549 1850
0.000358 8
0.000244 7
0.000080 7
0.000336 39
0.001064 523
0.000608 6
0.000222 12
0.000324 6
0.000085 6
0.000299 12
0.012196 32
0.000530 36
0.000672 1930
0.000395 8
0.000114 7
0.000047 7
0.000454 53
0.001806 426
0.000271 6
0.000495 12
0.000283 6
0.000313 6
0.004785 12
0.006900 32
0.000038 36
0.000264 2048
0.000029 77
0.000024 8
0.000037 7
0.000009 7
0.000076 38
0.000545 334
0.000014 6
0.000016 12
0.000016 6
0.000010 6
0.000014 12
0.014132 32
0.000037 36
0.000223 1778
0.000029 8
0.000037 7
0.000010 7
0.000103 5
0.000501 444
0.000011 6
0.000016 12
0.000016 6
0.000010 6
0.000014 12
0.016819 32
0.000052 36
0.000364 2001
0.000039 8
0.000056 7
0.000014 7
0.000120 5
0.001490 565
0.000092 6
0.000044 12
0.000627 6
0.000059 6
0.000042 12
0.013483 32
0.000197 36
0.000349 2048
0.000122 77
0.000566 8
0.000406 7
0.000071 7
0.000258 28
0.001274 499
0.000169 6
0.000378 12
0.000247 6
0.000165 6
0.000370 12
0.012225 32
0.000413 36
0.000648 2048
0.000080 187
0.000348 310
0.000139 8
0.000170 7
0.000056 7
0.000381 38
0.000870 461
0.000173 6
0.000523 12
0.000164 6
0.000073 6
0.000333 12
0.015146 32
0.000308 36
0.000680 2048
0.000506 187
0.000268 126
0.000207 8
0.000294 7
0.000155 7
0.000296 15
0.001436 604
0.000947 6
0.000072 12
0.000058 6
0.000597 6
0.000064 12
0.008961 32
0.000097 36
0.000347 2048
0.000198 187
0.000431 286
0.000208 8
0.000634 7
0.000077 7
0.000272 15
0.002514 573
0.000107 6
0.000466 12
0.000133 6
0.000045 6
0.000058 12
0.044743 32
0.000105 36
0.000570 2048
0.000082 187
0.000380 415
0.000083 8
0.000361 7
0.000057 7
0.000424 15
0.001361 444
0.000091 6
0.000446 12
0.000446 6
0.000214 6
0.000070 12
0.105011 3248
0.317708 32
0.000531 36
0.000478 2048
0.000091 187
0.000375 433
0.000209 8
0.000345 7
0.000235 7
0.000284 52
0.002015 502
0.000156 6
0.000378 12
0.000206 6
0.000202 6
0.000227 12
0.048745 32
0.000726 36
0.000574 2048
0.000088 187
0.000379 608
0.000167 8
0.000230 7
0.000058 7
0.000324 39
0.001140 497
0.000104 6
0.000414 12
0.000798 6
0.000254 6
0.000114 12
8.120205 3504
0.015554 32
0.000380 36
0.000311 36
0.000191 8
0.000229 7
0.000063 7
0.000406 115
0.001470 2048
0.000119 187
0.000617 512
0.000084 6
0.000360 12
0.000354 6
0.000082 6
0.000248 12
0.021550 32
0.000507 36
0.000416 36
0.000255 8
0.000215 7
0.000046 7
0.000213 114
0.006178 2048
0.000339 187
0.000460 509
0.000316 6
0.000262 12
0.000165 6
0.000064 6
0.000149 12
0.007536 32
0.000499 36
0.000417 36
0.001318 8
0.000606 7
0.000329 7
0.000509 113
0.007307 2048
0.000139 187
0.000487 506
0.000079 6
0.000076 12
0.000066 6
0.000057 6
0.000057 12
0.006719 32
0.000625 36
0.000297 36
0.000085 8
0.000088 7
0.000052 7
0.000251 111
0.001969 2048
0.000103 187
0.000341 494
0.000170 6
0.000174 12
0.000168 6
0.000154 6
0.000170 12
0.016152 32
0.000700 36
0.000483 36
0.000407 8
0.000267 7
0.000075 7
0.001321 110
0.001599 2048
0.000100 187
0.000452 505
0.000072 6
0.000246 12
0.000166 6
0.000068 32
0.000455 36
0.000224 36
0.000208 8
0.000192 7
0.000063 7
0.000342 108
0.001188 2048
0.000161 187
0.000527 491
0.000084 6
0.000323 12
0.000604 6
0.000550 6
0.000231 12
0.014858 32
0.000440 36
0.000863 36
0.000347 8
0.000226 7
0.000047 7
0.000206 107
0.001837 2048
0.000670 187
0.000244 487
0.000072 6
0.000166 12
0.000084 6
0.000049 6
0.001283 12
0.006021 32
0.000497 36
0.000350 36
0.000167 8
0.000082 7
0.000081 7
0.000170 106
0.001439 2048
0.000083 187
0.000500 483
0.000068 6
0.000425 12
0.000073 6
0.000223 6
0.000191 12
0.024203 32
0.000867 36
0.000376 36
0.000246 8
0.000258 7
0.000209 7
0.000355 105
0.002055 2048
0.000125 187
0.000398 471
0.000203 6
0.000082 12
0.000319 6
0.000187 6
0.000197 12
0.027449 32
0.000496 36
0.000292 36
0.000230 8
0.004756 7
0.000030 7
0.000335 104
0.002353 2048
0.000116 187
0.000353 467
0.000073 6
0.000260 12
0.000733 6
0.000107 6
0.000057 12
0.023216 32
0.000423 36
0.000408 36
0.000275 8
0.000291 7
0.000079 7
0.000438 103
0.002262 2048
0.000141 187
0.000570 463
0.000079 6
0.000345 12
0.000088 6
0.000281 6
0.000079 12
0.028071 32
0.000390 36
0.000297 36
0.000097 8
0.000311 7
0.000066 7
0.000443 102
0.002483 2048
0.001821 187
0.000210 459
0.000077 6
0.000065 12
0.000064 6
0.000451 6
0.000061 12
0.058432 32
0.000411 36
0.000381 36
0.000222 8
0.000260 7
0.000232 7
0.000316 101
0.002613 2048
0.000274 187
0.000339 399
0.000126 6
0.000077 12
0.000364 6
0.000182 6
0.000356 12
0.051497 32
0.000414 36
0.000292 36
0.000227 8
0.000204 7
0.000061 7
0.000320 100
0.001024 2048
0.000348 187
0.000136 395
0.000276 6
0.000641 12
0.000239 6
0.000352 6
0.000255 12
0.104990 32
0.000379 36
0.000356 36
0.000093 8
0.000477 7
0.000067 7
0.000441 101
0.001108 2048
0.000101 187
0.000757 399
0.000267 6
0.000388 12
0.000213 6
0.000188 6
0.000204 12
10.657577 22
0.048405 22
0.026352 22
0.015312 22
0.018227 22
0.017958 22
0.016377 22
0.016801 23
0.016283 23
0.017162 23
0.016814 24
0.049290 25
0.051560 24
0.033917 25
0.015601 23
0.034218 23
0.016500 23
0.016794 23
0.017807 24
1.050507 25
0.006162 23
0.027089 23
0.007533 23
0.015036 24
0.018035 25
0.016980 23
0.017154 23
0.015869 23
0.017067 24
0.016424 25
0.016342 23
0.083903 23
1.278539 23
0.021821 23
0.016668 23
0.016609 23
0.016092 23
0.016564 23
0.018106 24
0.018209 24
0.014759 50
0.021930 111
0.017180 151
0.494818 103
0.016930 207
0.021631 214
0.018095 90
0.010338 244
0.009170 94
0.018954 86
0.016629 119
0.011741 244
0.021487 136
0.017811 101
0.015732 146
9.785131 95
0.016028 67
0.016251 193
0.008122 165
0.016363 6
0.000677 12
0.000496 206
0.021235 6
0.000496 12
0.000492 132
0.011353 6
0.000466 12
0.000574 148
0.019160 6
0.000501 12
0.000386 90
0.016790 6
0.000129 12
0.000757 44
0.011265 6
0.000105 12
0.000435 32
0.019978 6
0.000269 12
0.000365 90
0.016863 6
0.000264 12
0.000466 128
0.012338 6
0.000598 12
0.000519 77
0.037497 6
0.000430 12
0.000409 44
0.009842 6
0.000343 12
0.000481 93
0.018895 6
0.000470 12
0.000299 178
0.017230 6
0.000443 12
0.000339 49
0.012535 6
0.000661 12
0.000348 140
0.017280 6
0.000108 12
0.000529 32
0.018156 6
0.000544 12
0.000412 91
0.010845 6
0.000541 12
0.000493 275
0.018886 6
0.000253 12
0.000358 86
0.016810 6
0.000145 12
0.000536 62
0.044860 6
0.000132 12
0.000371 33
0.016763 6
0.000663 12
0.000846 243
0.019696 6
0.001058 12
0.000745 557
0.014444 6
0.001123 12
0.000508 771
0.015036 6
0.000696 12
0.000431 843
0.017141 6
0.000824 12
0.000590 597
0.031923 6
0.000745 12
0.000383 903
0.010468 6
0.000748 12
0.000522 623
0.020170 6
0.000862 12
0.000414 621
0.014894 6
0.000732 12
0.000402 766
0.015522 6
0.000697 12
0.000644 768
0.015679 6
0.000288 12
0.016677 6
0.000301 12
0.011859 6
0.000436 12
0.016060 6
0.000384 12
0.014987 6
0.000136 12
0.016568 6
0.000046 12
0.000194 6
0.000073 12
0.016524 18
0.000268 18
0.016327 18
0.000517 18
0.016134 18
0.017341 18
0.000393 18
0.015034 18
0.016982 18
0.016546 18
0.000525 18
0.016324 18
0.000262 18
0.016370 18
0.016973 18
0.000331 18
0.015960 18
0.000227 18
0.016030 18
0.016832 18
0.000153 18
0.016844 18
0.016466 18
0.083430 18
0.016808 18
0.000386 18
0.016555 18
0.000459 18
0.015681 18
0.000376 18
0.039099 18
0.000228 18
0.016003 18
0.000376 18
0.016019 18
0.000264 18
0.016767 18
0.000242 18
0.016366 18
0.000507 18
0.000265 18
0.016187 18
0.000294 18
0.016078 18
0.000283 18
0.016412 18
0.000228 18
0.015903 18
0.000244 18
12.076586 48
0.003364 102
2.084306 88
3.261272 71
0.000698 96
4.564905 1
0.851005 1
0.772487 1
0.749094 1
1.112534 1
0.956086 4
0.366770 1
1.489103 1
0.596008 4
0.282753 1
4.457598 1
0.816886 1
0.123678 1
0.195676 1
0.254984 1
0.901818 1
0.768845 1
0.136176 1
0.224417 1
0.350007 1
0.583957 1
0.201463 1
0.690959 1
0.588712 1
0.926412 1
0.674013 1
0.972104 1
0.498614 1
0.072052 1
0.374324 1
0.208267 1
0.176429 11
0.210114 110
0.000494 2
0.000333 20
0.000075 2
0.017298 8
0.000716 88
4.384209 27
1.141188 30
1.011714 1
0.291357 1
0.899527 1
0.235886 1
1.042638 1
0.649883 1
0.272193 1
0.264842 1
0.246610 1
0.583875 1
0.251131 1
0.603400 1
0.235621 1
0.897667 1
0.523699 1
0.122948 1
0.408884 1
0.656753 1
0.526735 1
0.157852 1
0.193207 11
0.048114 42
3.499598 2
0.197923 50
0.022534 52
0.000296 60
0.000707 2
0.009705 66
0.000749 66
0.072072 67
0.000729 67
0.337972 76
0.000195 2
0.000511 76
0.000460 63
0.001925 73
0.000244 2
0.458413 95
0.000257 2
0.001270 71
0.000201 2
0.000618 70
0.000102 2
0.000667 69
0.000104 2
0.001162 75
0.000212 2
0.001745 74
0.000229 2
0.002341 38
0.000149 2
0.000466 77
0.000099 2
0.000500 53
0.000103 2
0.233065 77
0.000691 2
0.001081 72
0.000210 2
0.001017 70
0.000498 2
0.000869 67
0.000145 2
0.001788 72
0.000284 2
0.000972 14
0.000357 2
0.001704 62
0.000245 2
0.003190 69
0.000311 2
0.078370 195
0.000539 2
0.069528 67
0.000314 2
0.001248 144
0.000471 2
0.000525 34
0.000150 9
2.826262 1
1.094949 3
2.549936 1
0.303672 2
0.010144 29
0.000704 4
0.120254 25
0.000772 106
0.000562 2
0.000640 42
0.000213 4
0.501220 46
0.001150 4
0.124589 47
0.000452 23
0.000337 4
0.024186 25
0.000957 102
0.000841 2
0.000746 38
0.000743 4
0.502192 42
0.000864 4
0.475047 43
0.001416 24
0.000235 4
0.000860 26
0.000136 104
0.000290 2
0.003431 46
0.000411 4
0.024978 47
0.000176 24
0.000561 4
0.001325 26
0.000591 98
0.000269 2
0.000627 35
0.000226 4
0.029623 36
0.000244 24
0.000577 4
0.000801 26
0.000516 120
0.000285 2
0.000665 57
0.000105 4
0.500985 65
0.000329 4
0.484937 66
0.000347 24
0.003555 4
0.002045 26
0.000121 102
0.000341 2
0.000292 47
0.000082 4
0.000696 48
0.000304 24
0.000085 4
0.000724 26
0.000537 116
0.000083 2
0.000447 37
0.000407 4
0.002983 38
0.000462 24
0.000253 4
0.000815 26
0.000356 115
0.000386 2
0.000111 36
0.000429 4
0.001881 37
0.000108 24
0.000312 4
0.000845 26
0.000101 118
0.000347 2
0.000480 39
0.000077 4
0.001593 40
0.000471 24
0.000462 4
0.001188 26
0.000677 107
0.000075 2
0.000323 41
0.000313 4
0.501620 53
0.104315 50
0.000187 24
0.001249 4
0.003146 26
0.000573 120
0.001653 2
0.001154 41
0.000214 4
0.435985 42
0.000672 24
0.000091 4
0.001637 26
0.000530 107
0.000082 2
0.000312 41
0.000378 4
0.500826 49
0.000514 4
0.066702 50
0.001375 24
0.004601 4
0.001485 26
0.000472 117
0.000099 2
0.000583 38
0.000213 4
0.161377 39
0.000421 24
0.000439 4
0.001289 26
0.000199 112
0.000415 2
0.000227 46
0.000078 4
0.501398 54
0.000476 4
0.369168 253
0.498864 84
0.000100 4
0.501027 84
0.000906 4
0.500691 84
0.001040 4
0.501260 84
0.000549 4
0.501234 84
0.000891 4
0.501352 84
0.000141 4
0.501743 84
0.000322 4
0.501248 84
0.000490 4
0.500949 84
0.000764 4
0.501577 84
0.000148 4
0.501096 84
0.000980 4
0.501460 84
0.001010 4
0.501140 84
0.000892 4
0.222736 84
0.000812 4
0.000628 80
0.000413 102
0.000207 2
0.000715 84
0.000217 4
0.001984 84
0.000134 4
0.000621 80
0.000483 115
0.000174 2
0.000200 84
0.000069 4
0.002594 84
0.000599 4
0.000549 80
0.000501 116
0.000271 2
0.000367 84
0.000110 4
0.002182 84
0.000222 4
0.001042 80
0.000558 104
0.000164 2
0.019864 84
0.000392 4
0.000268 80
0.000444 101
0.000427 2
0.001556 80
0.000212 106
0.000691 2
0.001177 84
0.001273 4
0.000746 80
0.001057 115
0.000760 2
0.001155 84
0.001538 4
0.065913 84
0.000244 4
0.000983 80
0.000413 103
0.000075 2
0.000398 84
0.000077 4
0.017590 84
0.000552 4
0.000602 80
0.000099 115
0.000260 2
0.000389 84
0.000295 4
0.281313 80
0.000138 102
0.000549 2
0.000092 39
0.000443 2
0.000518 84
0.000105 4
0.336648 84
0.000223 4
0.000755 80
0.000297 106
0.000220 2
0.000490 84
0.000386 4
0.501314 84
0.001709 4
0.501391 84
0.000672 4
0.014723 84
0.001090 4
0.000200 80
0.000553 49
0.000190 2
0.065991 7
0.000266 1
0.000399 2
0.000463 4
0.000074 165
0.000406 4
0.000201 2
0.000523 7
0.000075 1
0.000260 2
0.000199 4
0.000371 223
0.000181 4
0.000502 2
0.008578 8
0.000240 88
19.805698 20
2.400909 47
0.645029 11
0.164187 110
0.000172 2
0.000504 20
0.000081 2
0.008457 8
0.000261 88
13.779718 1
0.131610 1
0.524896 1
1.304874 1
0.734984 1
0.137284 1
0.313615 1
0.966775 1
0.659457 1
0.417843 1
0.666713 1
0.083612 1
0.207252 1
0.106623 1
0.281223 11
0.096329 50
0.017776 52
0.000129 60
0.000369 2
0.001326 1
0.000089 2
0.000327 136
0.000222 2
0.000107 1
0.000260 2
0.000255 82
0.000278 2
0.000332 1
0.000186 2
0.000294 135
0.000062 2
0.000167 1
0.000418 2
0.000268 138
0.000061 2
0.001272 8
0.000268 88
54.637501 1
0.121438 1
1.599646 1
0.417355 1
0.363580 1
1.835937 1
1.163209 1
0.318351 1
0.690957 1
0.127347 1
0.107014 1
0.322207 1
0.370185 1
0.154789 11
0.194831 49
0.000352 2
0.015296 8
0.000673 88
4.407578 13
0.519402 27
1.425402 41
0.682644 51
2.065688 1
0.554565 1
0.129808 1
0.472166 1
0.287525 1
0.553216 1
0.287295 1
1.623357 1
0.357517 1
0.218541 1
0.144813 1
0.195369 1
0.289102 1
0.445898 1
0.139317 11
0.104055 50
0.033129 52
0.000876 60
0.000804 2
0.009546 66
0.000280 66
0.068982 67
0.000767 67
0.324477 76
0.000273 2
0.001061 76
0.000547 63
0.004125 73
0.000220 2
0.480050 95
0.000322 2
0.001578 71
0.000421 2
0.000600 70
0.000328 2
0.000850 69
0.001106 2
0.001563 75
0.000204 2
0.002273 74
0.000207 2
0.003164 38
0.000157 2
0.000481 77
0.000386 2
0.000233 53
0.000307 2
0.175474 77
0.000346 2
0.000806 72
0.000245 2
0.000486 70
0.000127 2
0.001093 67
0.000334 2
0.001113 72
0.000155 2
0.000757 14
0.000136 2
0.001435 62
0.000129 2
0.002256 69
0.000234 2
0.086563 195
0.000288 2
0.066584 70
0.000379 2
0.000873 144
0.000125 2
0.000577 34
0.000390 9
2.225238 1
0.430034 2
0.010538 30
0.001120 4
0.349370 26
0.000777 103
0.000338 2
0.013938 30
0.000265 4
0.324477 26
0.000561 101
0.000118 2
0.000622 39
0.000101 2
0.000704 30
0.000217 4
0.000530 26
1.532422 1
0.000712 15
0.090796 41
0.099178 43
0.000947 44
0.000391 44
0.000493 44
0.000400 44
0.000497 44
0.000334 44
0.000477 44
0.000498 44
0.029484 44
0.080505 44
0.069406 44
0.114767 44
0.085570 44
0.107399 44
0.127589 44
0.102938 44
0.211245 44
0.175316 44
0.285513 45
0.000656 40
0.000896 97
0.001532 2
0.016883 96
0.000667 2
0.000504 121
0.020172 117
0.000440 2
0.041419 121
0.119934 83
0.000712 2
0.005792 121
0.004056 121
0.139786 41
0.022515 43
0.001006 44
0.000699 44
0.000692 44
0.000780 44
0.000504 44
0.000527 44
0.000596 44
0.000542 44
0.003705 44
0.019757 44
0.011832 44
0.019170 44
0.004664 44
0.006025 44
0.016777 44
0.005525 44
0.043688 44
0.017024 44
0.078879 45
0.000323 40
0.000610 97
0.000118 2
0.024613 95
0.000328 2
0.135153 121
0.006855 116
0.000536 2
0.069776 121
0.099691 82
0.000964 2
0.016345 121
0.094443 41
0.016452 43
0.001060 44
0.000429 44
0.000395 44
0.000494 44
0.000401 44
0.000488 44
0.000485 44
0.000583 44
0.003381 44
0.015450 44
0.011628 44
0.015934 44
0.003851 44
0.006219 44
0.014801 44
0.005116 44
0.040595 44
0.015237 44
0.064896 45
0.000630 40
0.000421 97
0.000507 2
0.016371 97
0.000563 2
0.015432 121
0.004435 118
0.000398 2
0.033479 121
0.071730 93
0.000611 2
0.015387 121
0.003896 114
0.000336 2
0.032048 121
0.086299 97
0.001050 2
0.013873 121
0.004242 118
0.000417 2
0.167719 94
0.000730 2
0.013851 121
0.005546 115
0.000403 2
0.031416 121
0.090484 81
0.000835 2
0.007996 121
0.006314 121
0.088987 83
0.000444 2
0.000596 41
0.015651 43
0.000745 44
0.000547 44
0.000335 44
0.000272 44
0.000923 44
0.000550 44
0.000404 44
0.000496 44
0.003574 44
0.012376 44
0.014017 44
0.023699 44
0.004180 44
0.005319 44
0.014734 44
0.004996 44
0.034918 44
0.007594 44
0.045991 45
0.000604 40
0.000451 97
0.000382 2
0.010211 95
0.000384 2
0.000637 121
0.007065 72
0.000648 2
0.063438 121
0.045229 79
0.000611 2
0.038895 91
0.000427 2
0.006118 68
0.000175 2
0.070761 121
0.035544 81
0.000250 2
0.036081 93
0.000629 2
0.000723 121
0.004302 70
0.000220 2
0.030018 121
0.049865 75
0.001043 2
0.039938 87
0.000457 2
0.000617 121
0.006814 64
0.000813 2
0.031887 121
0.029247 87
0.000133 2
0.037620 105
0.000727 2
0.000988 121
0.008132 76
0.000630 2
0.372244 70
0.000641 2
0.040145 88
0.000396 2
0.000988 121
0.007381 59
0.000689 2
0.032656 121
0.040887 76
0.000491 2
0.037729 96
0.000549 2
0.000535 121
0.006005 73
0.000461 2
0.032538 121
0.043596 75
0.001081 2
0.023595 95
0.000363 2
0.000972 121
0.007393 72
0.000757 2
0.025800 121
0.032965 78
0.000403 2
0.040242 98
0.000529 2
0.006972 75
0.000952 2
0.029776 121
0.044877 76
0.000833 2
0.035153 91
0.000556 2
0.000973 121
0.005013 68
0.000731 2
0.149123 121
0.041990 76
0.000350 2
0.025017 96
0.000755 2
0.001469 121
0.006564 73
0.000234 2
0.074897 121
0.047307 76
0.000595 2
0.037002 91
0.000475 2
0.000670 121
0.005286 68
0.000536 2
0.162633 77
0.000535 2
0.038992 97
0.000382 2
0.000640 121
0.006105 74
0.000900 2
0.075165 121
0.035138 81
0.000516 2
0.035862 96
0.000520 2
0.000878 121
0.004098 73
0.000373 2
0.367412 121
0.034460 68
0.000494 2
0.031531 89
0.000304 2
0.001542 121
0.004912 60
0.000281 2
0.884215 121
0.041272 65
0.000457 2
0.040178 89
0.000856 2
0.007951 58
0.000550 2
0.037505 121
0.030346 74
0.000508 2
0.038207 94
0.000812 2
0.000731 121
0.005552 65
0.000669 2
0.029601 121
0.033041 75
0.000572 2
0.039219 95
0.000735 2
0.000939 121
0.006415 66
0.000752 2
0.039897 121
0.020934 80
0.000305 2
0.033877 91
0.000173 2
0.001589 121
0.007014 66
0.001007 2
0.083543 80
0.000594 2
0.035524 95
0.000469 2
0.001066 121
0.004650 72
0.000693 2
0.118995 121
0.040995 78
0.000311 2
0.036358 90
0.000458 2
0.000532 121
0.004430 67
0.000771 2
0.056244 121
0.019437 74
0.000324 2
0.034052 90
0.000257 2
0.001134 121
0.007809 63
0.001042 2
1.520234 74
0.000299 2
0.028233 93
0.000299 2
0.000974 121
0.007328 64
0.000381 2
0.057051 121
0.082388 70
0.000339 2
0.009513 121
0.008701 121
0.007018 79
0.000712 2
0.004905 121
0.005237 121
0.003790 77
0.000147 2
0.010231 121
0.003647 80
0.000232 2
0.003231 121
0.004281 121
0.007522 75
0.000746 2
0.004173 121
0.003563 121
0.003611 79
0.000222 2
0.005656 121
0.007536 71
0.000404 2
0.004222 121
0.003745 121
0.003813 84
0.000412 2
0.004075 121
0.003504 121
0.003284 82
0.000356 2
0.006822 121
0.003881 121
0.003684 84
0.000563 2
0.008680 121
0.003487 81
0.000398 2
0.003760 121
0.003656 121
0.003228 74
0.000261 2
0.005640 121
0.003640 121
0.004790 73
0.000275 2
0.003485 121
0.006662 75
0.000449 2
0.003865 121
0.003413 121
0.003285 72
0.000288 2
0.003125 121
0.004674 121
0.005517 80
0.000182 2
0.003634 121
0.003275 121
0.003572 80
0.000417 2
0.007033 121
0.003295 79
0.000356 2
0.003722 121
0.003442 121
0.003980 73
0.000645 2
0.006398 121
0.004571 121
0.004556 75
0.000489 2
0.004737 121
0.006397 71
0.000190 2
0.003389 121
0.003324 121
0.004035 80
0.000323 2
0.003462 121
0.004187 121
0.006310 83
0.000122 2
0.004530 121
0.004486 121
0.003873 66
0.000136 2
0.006532 121
0.003501 67
0.000608 2
0.006479 121
0.004920 121
0.004457 65
0.000185 2
0.004646 121
0.051366 121
0.007324 74
0.000150 2
0.903929 83
0.000265 2
0.670967 2
0.000281 15
0.000641 3
10.055149 7
0.000168 1
0.000435 2
0.000375 4
0.000152 165
0.000250 4
0.000277 2
0.005484 8
0.000279 88
18.886723 34
1.028439 106
47.047284 4
0.501910 4
0.080482 4
0.083642 4
0.082984 4
0.085351 4
0.083646 4
0.083649 4
0.084355 4
0.084326 4
0.083629 4
0.083168 4
0.085264 4
0.084007 1
0.082355 1
0.084578 1
31.204389 1
0.811133 1
0.632589 4
0.333809 1
0.391307 1
0.184175 1
0.436277 1
2.333659 1
0.679855 1
0.363911 1
0.279510 4
0.564524 1
0.881955 1
0.682216 1
8.464870 1
0.094630 1
0.256830 1
0.474746 1
0.955312 1
0.130811 1
1.864569 4
0.155122 4
0.857899 1
0.071498 1
0.507328 11
0.000501 8
0.000116 88
3.424574 1
2.062091 1
1.072867 1
0.409232 1
0.103091 1
0.259413 1
0.888180 1
0.223197 1
0.500016 1
21.786815 1
0.229894 1
0.643308 1
2.343841 4
0.714012 1
0.097754 1
0.383816 1
0.136117 1
0.580484 1
0.232862 1
0.217486 11
0.010264 70
0.000151 2
0.002803 69
0.000196 2
0.001825 69
0.000105 2
0.002534 69
0.000180 2
0.001101 128
0.000087 2
0.001033 47
0.000120 2
0.001139 8
0.000118 88
7.993114 17
0.476149 4
0.501766 4
0.084014 4
0.084381 4
0.187790 4
0.165246 4
0.138882 4
0.392895 4
0.278754 4
0.265255 11
0.001632 70
0.000105 2
0.001946 69
0.000212 2
0.002142 69
0.000207 2
0.003152 69
0.000260 2
0.001291 128
0.000096 2
0.000324 47
0.000576 2
0.000739 8
0.000214 88
11.281075 8
0.444765 1
0.500739 1
0.084018 1
0.084352 1
0.178209 1
0.173589 1
0.577300 17
0.144860 17
0.117577 1
0.457598 13
0.168085 13
0.124279 13
0.603201 13
0.091043 13
0.492156 11
0.002261 8
0.000478 54
0.000355 7
0.000096 6
0.001090 29
0.000115 28
0.000076 6
0.000729 8
0.000258 33
0.000097 13
0.000737 6
0.001969 3
0.000121 95
0.000316 6
0.000686 6
0.000082 108
0.000433 80
0.000076 33
0.000316 72
0.000167 74
0.002718 5
0.000204 42
0.000408 34
0.000069 33
0.000197 34
0.000596 33
0.000374 34
0.000283 35
0.000605 35
0.000139 37
0.000399 35
0.000246 36
0.000098 67
0.000219 52
0.000408 46
0.000309 46
0.000469 34
0.000075 51
0.000310 54
0.000073 60
0.000215 44
0.000183 40
0.000077 54
0.000178 47
0.000320 49
0.000084 38
0.000274 65
0.000410 68
0.000074 66
0.000167 79
0.000563 185
0.000088 84
0.000446 207
0.000271 129
0.000114 13
0.000416 160
0.000053 123
0.000323 12
0.000259 12
1.529334 6
0.000154 12
0.000709 4
0.014458 6
0.000117 12
0.000440 4
0.015370 6
0.000114 12
0.000313 4
0.008033 6
0.000393 12
0.000389 4
0.015941 6
0.000219 12
0.000451 4
0.016088 6
0.000047 12
0.000040 5
0.017631 6
0.000068 12
0.000032 5
0.016112 6
0.000143 12
0.000079 5
0.016371 6
0.000036 12
0.000026 5
0.017026 6
0.000072 12
0.000057 5
0.016138 6
0.000042 12
0.000030 5
32.365723 23
0.014392 23
0.016289 23
0.017362 23
0.025689 31
0.018896 23
0.014581 23
0.017413 23
0.016672 23
0.066423 23
0.083526 23
0.122478 23
0.170573 23
0.037697 23
0.016540 23
0.017656 23
0.016404 23
0.084011 23
0.211297 23
0.054282 23
6.336678 21
10.777701 71
0.000452 96
14.835965 11
1.750569 11
0.001294 8
0.000314 54
0.000263 7
0.000085 6
0.000815 29
0.000240 28
0.000078 6
0.000724 8
0.000186 33
0.000342 13
0.000068 6
0.002089 3
0.000102 95
0.000234 6
0.000859 6
0.000474 108
0.000078 80
0.000388 33
0.000398 72
0.000244 74
0.002190 5
0.000296 42
0.000597 34
0.000173 33
0.000367 34
0.000151 33
0.000336 34
0.000468 35
0.000190 35
0.000331 37
0.000436 35
0.000442 36
0.000080 67
0.000328 52
0.000073 46
0.000357 46
0.000094 34
0.000517 51
0.000091 54
0.000269 60
0.000068 44
0.000040 40
0.000459 54
0.000194 47
0.000322 49
0.000100 38
0.000369 65
0.000467 68
0.000279 66
0.000788 79
0.000231 185
0.000159 84
0.000047 207
0.000399 129
0.000186 13
0.000204 160
0.000218 123
0.000075 12
0.000163 12
1.760761 6
0.000114 12
0.014733 6
0.000143 12
0.016132 6
0.000049 12
0.009160 6
0.000041 12
0.016676 6
0.000041 12
0.016169 6
0.000041 12
0.016395 6
0.000034 12
75.144972 22
0.014478 22
0.017308 22
0.008254 23
0.017080 31
0.000131 23
0.050452 23
0.000680 6
0.000190 12
0.000031 5
0.015566 6
0.000383 12
0.000076 14
0.000057 18
0.000022 64
0.000019 103
0.000015 50
0.000229 6
0.000375 12
0.000063 16
0.000051 18
0.000320 148
0.000203 89
0.000312 80
0.000117 22
0.000062 15
0.000095 80
0.018253 6
0.000594 12
0.000568 16
0.000101 18
0.000313 114
0.000072 43
0.000041 33
0.000392 66
0.000061 7
0.000043 6
0.000844 12
0.000224 16
0.000301 19
0.000077 185
0.000321 94
0.000161 53
0.000354 98
0.000268 47
0.000332 14
0.000374 39
0.000067 51
0.000267 48
0.008733 6
0.000336 12
0.000439 16
0.000673 18
0.000257 74
0.000037 40
0.000108 48
0.000030 125
0.000085 35
0.000033 59
0.000035 6
0.000897 12
0.000248 4
0.000094 32
0.000064 9
0.000062 61
0.000062 184
0.000078 90
0.000069 53
0.000069 98
0.000064 47
0.000066 17
0.000066 10
0.000102 25
0.000056 10
0.000096 52
0.000101 50
0.000056 69
0.000059 27
0.000066 10
0.000062 10
0.000055 6
0.000066 35
0.000123 126
0.000046 22
0.000453 10
0.000084 65
0.000073 67
0.000067 46
0.000098 22
0.000064 11
0.000072 19
0.000149 14
0.000174 8
0.000078 61
0.000067 98
0.000055 51
0.001281 10
0.000342 10
0.000062 58
0.000057 9
0.000535 75
0.000662 41
0.000336 14
0.000074 10
0.000477 21
0.000183 29
0.000073 23
0.000054 22
0.000063 10
0.000049 11
0.000054 23
0.000087 13
0.000072 216
0.000054 29
0.000055 50
0.000045 18
0.000051 6
0.021657 6
0.000995 12
0.000773 16
0.000124 18
0.000185 7
0.000200 156
0.000294 49
0.000068 6
0.000920 12
0.000348 4
0.000596 97
0.000286 50
0.000628 9
0.000118 9
0.000897 57
0.000067 9
0.000262 74
0.000292 40
0.000302 14
0.000068 10
0.000034 21
0.000422 29
0.000168 23
0.000062 22
0.000042 10
0.000237 11
0.000269 23
0.000060 13
0.000175 216
0.000681 29
0.000079 50
0.000444 18
0.000044 11
0.000103 10
0.000035 8
0.000023 157
0.000015 49
0.000014 47
0.000015 75
0.000015 89
0.000010 11
0.000014 22
0.000013 11
0.000012 8
0.000014 61
0.000014 42
0.000013 10
0.000009 10
0.000013 11
0.000197 107
0.000237 74
0.000118 10
0.000628 148
0.001099 54
0.000117 8
0.000248 101
0.000080 64
0.000486 39
0.000068 16
0.000500 83
0.000799 26
0.000557 75
0.000568 39
0.000042 48
0.000017 6
0.000015 25
0.000010 3
0.000041 6
0.000601 12
0.000642 16
0.000423 19
0.000096 105
0.000348 76
0.000067 54
0.000255 113
0.000072 100
0.000183 123
0.000345 162
0.000077 143
0.000353 68
0.000070 39
0.000256 117
0.000074 117
0.017480 6
0.000883 12
0.000313 16
0.000099 19
0.000421 73
0.000087 123
0.000305 160
0.000068 149
0.000323 68
0.000083 39
0.000497 90
0.000067 30
0.000144 22
0.000237 9
0.013563 6
0.000647 12
0.000320 16
0.000294 19
0.000230 50
0.000382 94
0.000075 20
0.000236 64
0.000071 94
0.000182 14
0.000454 7
0.000130 78
0.000157 39
0.000142 121
0.013145 6
0.001248 12
0.000499 16
0.000098 19
0.000376 25
0.000312 71
0.000074 35
0.000120 22
0.000361 14
0.000069 38
0.000284 7
0.000068 76
0.000239 35
0.000066 77
0.000327 126
0.013221 6
0.001065 12
0.000492 16
0.000110 19
0.000418 54
0.000320 22
0.000353 14
0.000072 38
0.000254 7
0.000066 88
0.000247 47
0.000141 70
0.000340 83
0.011072 6
0.000833 12
0.000302 16
0.000104 19
0.000339 157
0.000375 46
0.000071 14
0.000191 80
0.000188 168
0.000223 46
0.000306 14
0.000187 159
0.000381 90
0.014568 6
0.000427 12
0.000515 16
0.000447 18
0.000095 99
0.000292 14
0.000078 63
0.000354 146
0.000075 6
0.000465 12
0.000301 16
0.000336 18
0.000085 58
0.000392 75
0.000074 13
0.000040 11
0.012262 6
0.000453 12
0.014815 6
0.000591 12
0.013277 6
0.000469 12
0.015762 6
0.000116 12
0.016196 6
0.000086 12
0.000322 6
0.000032 12
0.015925 6
0.000300 12
0.016653 6
0.000241 12
0.000738 6
0.000064 12
0.015890 6
0.000089 12
0.016482 6
0.000160 12
0.000258 6
0.000073 12
0.016319 18
0.000508 18
0.016446 18
0.000144 18
0.015760 18
0.016181 18
0.016960 18
0.016978 18
0.016516 18
0.016763 18
0.016358 18
0.016334 18
0.017145 18
0.016757 18
0.017021 18
0.017083 18
0.016531 18
0.016052 18
0.016645 18
0.016879 18
0.016269 18
0.016659 18
0.016953 18
0.016487 18
0.016741 18
0.016017 18
0.017064 18
0.016713 18
0.016344 18
0.016443 18
0.019952 18
0.064390 18
0.086074 18
0.071499 71
0.000194 96
1.766058 1
0.654076 1
0.316271 1
0.167007 1
0.291749 17
