0.905758 63
2.944958 1
0.073724 1
0.144993 1
0.673337 1
0.132633 1
0.287455 1
0.134487 1
0.205195 1
1.163563 4
0.186733 4
0.136486 4
0.554311 1
0.256135 1
0.345876 1
0.271267 1
0.638139 1
0.166163 1
1.476946 1
0.341257 1
0.456594 1
0.180126 1
0.339016 2
0.032900 42
0.000068 7
0.000037 7
0.000015 7
0.000747 476
2.366611 53
0.419891 17
1.537216 17
0.691292 17
0.137848 17
0.197547 17
0.357747 17
1.482262 17
0.101146 17
0.234441 17
0.228786 17
0.596881 5
1.220582 17
0.662009 17
0.862867 19
0.128546 17
0.587151 17
0.499186 17
0.734144 17
0.379498 19
0.079201 17
0.271401 17
0.125389 17
0.941069 5
0.620666 1
0.174782 16
0.101729 1
0.405625 1
0.515336 17
0.204651 3
0.863473 1
0.299898 1
0.302751 1
0.311987 32
1.923524 17
1.086143 3
0.105161 1
0.070626 1
0.870317 17
2.336157 3
1.086481 1
0.310819 1
0.587025 17
0.687018 3
0.579181 1
0.076982 1
4.354459 1
2.613938 1
1.230132 1
0.222107 1
0.923500 5
11.823659 1
1.028632 19
0.917147 6
0.543040 1
0.584180 17
1.207218 17
0.497270 3
0.277621 1
0.321407 1
0.466090 23
0.177096 9
0.661312 28
0.260969 56
7.159820 17
0.577999 3
0.167835 1
0.532938 1
1.535475 1
0.228177 1
0.291778 1
0.577806 5
3.502386 1
0.176241 1
0.250915 1
0.196632 1
0.148497 1
0.777424 17
0.538678 19
0.175117 17
0.116944 3
1.873718 22
0.159112 3
0.154295 22
0.178768 3
0.747043 17
0.204851 1
0.885833 5
0.493217 1
0.990960 1
0.139011 1
0.176145 1
0.115225 22
0.548521 5
0.530198 6
0.529357 1
0.329414 5
0.905736 25
1.502211 7
0.322609 25
0.106713 7
0.143893 1
0.575506 3
0.928911 19
0.250523 5
0.168694 25
1.213918 26
0.998008 7
0.113774 1
0.222432 1
0.149921 1
0.199919 1
0.557647 17
0.327374 3
0.365340 6
0.734349 25
0.174597 26
0.685780 7
0.188972 1
0.264880 1
0.242343 1
0.138419 1
1.194299 17
0.864535 17
1.278612 17
1.440031 1
0.277690 1
0.372439 1
0.268456 1
1.100791 17
1.082271 19
0.601493 28
2.834680 26
0.234688 26
0.486124 26
0.257608 26
1.013628 17
0.404005 3
0.460758 17
0.099605 3
1.261078 17
0.383302 6
0.515723 25
0.176032 26
0.003863 23
0.619756 25
0.318590 7
0.232932 1
1.294438 1
0.047803 32
0.981189 17
0.543495 19
0.403584 28
0.168006 26
0.219363 26
0.230119 26
0.121761 26
2.840673 6
0.256347 25
0.167925 26
0.786182 10
1.161248 7
0.071464 19
0.233464 5
0.076741 23
27.081808 7
0.408848 3
0.243583 3
0.210936 7
0.783927 1
0.155281 1
0.387502 23
0.559377 4
0.670303 5
0.405948 5
0.423789 7
0.550182 5
0.044961 1
0.448973 45
1.071204 5
0.304619 56
1.351713 3
0.556169 117
0.715179 125
1.411941 7
0.167763 8
0.130755 3
0.675944 1
0.437386 12
1.124719 3
0.432542 5
1.703073 3
0.303516 6
0.324526 5
11.204927 59
6.290644 187
1.432913 305
1.379914 196
72.125186 1
0.125090 1
1.196875 1
0.364179 1
0.554663 1
0.200264 1
0.808283 1
1.450739 1
0.371544 1
0.599510 1
1.140612 1
0.480512 1
0.600705 2
0.000602 37
0.000027 2
0.000407 63
58.136916 1
0.412658 1
0.646745 1
0.100119 1
0.872814 1
0.119731 1
0.513046 1
0.564954 1
0.368805 1
0.824622 1
2.037717 1
0.218672 1
0.353849 1
0.219993 1
0.207578 1
0.287685 1
0.309603 1
1.142687 1
0.427564 1
0.183757 1
0.271463 2
0.001322 63
0.728453 20
0.409357 68
0.365003 2
0.001931 47
0.000056 2
0.000540 154
8.270046 12
0.598139 32
0.470372 68
0.300954 27
0.979531 2
0.010091 42
0.002519 7
0.000133 7
0.000026 7
0.002166 882
15.317678 4
0.423643 4
1.041883 4
1.225260 4
0.448743 3
1.468047 3
0.333890 3
0.238747 3
0.196954 3
0.843233 39
0.292673 3
0.119886 3
0.909134 3
0.091168 3
8.733837 164
1.651104 15
0.560348 31
1.446962 32
0.585176 68
0.620810 27
0.933357 2
0.009895 42
0.000102 7
0.000050 7
0.000025 7
0.002854 882
5.408159 4
0.331205 4
0.155637 4
0.166383 4
0.266851 4
0.213235 3
0.302954 3
0.253739 3
0.195858 3
0.330982 3
0.935562 3
0.282433 39
0.958794 3
0.274528 3
0.314672 3
0.054922 3
2.364020 61
0.042575 1
1.320652 26
0.522075 28
1.478398 187
1.312946 305
0.471750 110
0.000021 23
0.000295 63
1.254570 15
0.458139 31
1.026535 2
0.002047 46
0.000149 2
0.000377 63
3.712695 12
0.508519 27
1.745440 2
0.008467 42
0.000071 7
0.000044 7
0.000020 7
0.001224 887
2.389142 4
0.333445 4
0.214886 4
0.192135 4
0.307051 3
0.200296 3
0.138208 3
0.151855 3
0.121952 3
0.141422 1
0.121899 1
0.144655 1
0.161894 1
0.222463 1
0.514561 1
0.609009 39
0.334645 17
1.471586 61
1.035067 164
1.190977 15
2.028231 2
0.007839 42
0.000060 7
0.000037 7
0.000067 7
0.001177 887
2.218487 4
0.134974 4
0.141725 4
0.146907 4
0.146152 4
0.830656 3
0.229485 3
0.174843 3
0.132246 3
0.136105 3
0.124320 3
0.144478 1
0.162872 1
0.164857 1
2.423135 1
0.257971 1
0.354246 1
0.554279 39
0.286622 17
7.175523 61
0.876846 188
1.009473 305
0.515880 110
0.000017 23
0.000236 63
0.659096 15
0.792532 31
0.480978 2
1.010508 3
1.002573 3
1.001734 3
1.002336 3
1.003596 3
1.002557 3
1.002388 3
1.002065 3
1.002360 3
1.001524 4
1.003336 4
0.162848 2
0.000560 16
0.000008 63
43.555592 1
0.082709 1
0.135328 1
0.643522 1
0.820772 1
0.512266 1
1.670386 1
0.956813 1
0.102230 1
0.107984 1
0.287063 1
0.716836 1
0.316575 1
0.689764 1
0.147344 1
0.399455 2
0.008014 42
0.000059 7
0.000037 7
0.000015 7
0.000774 476
2.929602 53
0.400522 17
1.265491 17
0.246310 19
0.401665 17
0.200685 17
0.168989 17
0.953443 17
0.419787 17
0.056572 17
0.196573 17
0.308192 17
0.706250 5
279.692293 17
1.250736 1
0.256017 1
0.313590 1
0.181875 1
0.113325 25
0.698421 17
0.479906 3
0.139145 1
0.432298 1
0.164071 1
0.363490 17
0.998204 33
0.528469 3
0.206346 19
0.194797 17
0.207202 3
1.015546 1
0.290817 17
0.351486 19
0.155519 17
0.639695 17
0.604018 3
0.123501 1
0.327196 1
0.152350 1
0.378167 3
0.300773 1
0.219356 1
0.516764 1
0.833363 1
0.351300 1
0.125573 1
0.087475 1
0.533402 1
0.000801 17
1.274401 17
0.145920 3
0.119964 1
0.126286 1
0.122031 1
0.095475 1
2.312230 17
0.124780 3
1.328233 17
1.144056 17
0.116368 3
0.198257 19
0.245018 5
0.192223 23
0.740424 17
1.107890 17
1.241488 5
0.975542 17
0.867283 1
0.480159 1
0.403351 1
0.171117 1
0.273814 25
0.220981 17
0.501471 3
0.548612 1
2.290267 1
0.421730 1
0.684868 17
0.154777 17
0.226440 3
0.201386 19
0.688131 17
1.127609 3
0.766355 1
0.412499 17
0.281721 3
0.108279 1
0.402661 1
0.823303 1
0.495703 1
0.463883 1
0.615063 1
0.547246 1
0.572163 3
0.849987 1
0.087403 1
0.095845 1
0.359989 17
0.476976 19
0.128051 17
0.755444 17
0.289273 3
0.156378 1
0.252855 1
0.170639 1
0.516988 1
0.536613 1
0.855015 1
0.387274 1
0.109498 1
0.108613 1
0.811188 17
0.462714 17
0.198704 3
0.296939 17
0.332577 3
0.271312 1
0.114916 1
0.100835 1
0.085933 1
0.214207 17
0.127354 3
0.465784 1
0.765552 3
0.227221 17
0.414874 17
0.458180 3
0.135854 19
0.272972 5
0.128368 23
0.701867 17
27.734477 1
0.500853 1
0.030995 1
0.031036 1
0.030592 1
0.030904 1
0.031237 1
0.031457 1
0.030706 1
0.031248 1
0.030213 1
0.030843 1
0.030342 1
0.029433 1
0.031720 1
0.030775 1
0.030446 1
0.029644 1
0.029317 1
0.031158 1
0.031660 1
0.029854 1
0.031599 1
0.031674 1
0.031316 1
0.030352 1
0.030830 1
0.030266 1
0.029505 1
0.030966 1
0.030378 1
0.030406 1
0.030471 1
0.031477 1
0.030442 1
0.032094 1
0.031867 1
0.030342 1
0.029691 1
0.030724 1
0.031035 1
0.030965 1
0.030679 1
0.029740 1
0.030762 1
0.031770 1
0.031860 1
0.031203 1
0.030869 1
0.030111 1
0.031386 1
0.031009 1
0.030573 1
0.030244 1
0.030552 1
0.030244 1
0.031920 1
0.030834 1
0.030373 1
0.032116 7
38.481807 4
0.357111 1
0.196410 1
0.174833 3
0.157060 1
0.164732 3
0.293387 3
0.183555 3
0.209741 3
0.762597 3
1.231188 17
3.938794 1
0.315292 19
1.055126 7
0.519832 1
0.151313 19
2.156131 1
0.219850 1
0.526929 4
0.301567 1
0.499999 1
0.031467 3
0.031003 1
0.031151 3
0.029954 3
0.030299 3
0.030151 3
0.030993 3
0.031400 1
0.030230 3
0.032605 5
0.750262 7
0.409385 22
3.105553 19
31.140582 61
2.044184 188
1.151659 305
0.509004 195
1.781644 15
0.298684 31
0.268611 27
0.337514 31
0.391022 27
0.433438 31
0.347433 32
1.578910 1
0.183303 1
0.146438 1
0.204786 1
0.546417 3
0.333754 11
0.184786 7
0.154220 2
0.000875 63
1.032935 20
1.101543 93
0.379895 31
1.048545 1
0.221143 1
0.137462 1
0.889995 11
0.087642 7
0.506612 2
0.001613 63
9.195057 1
0.106106 1
0.650911 4
0.155150 4
0.106112 1
0.334232 1
0.085457 1
1.159672 1
0.267403 1
0.584451 1
0.104036 1
0.364623 2
0.001438 9
0.000031 2
0.000051 60
0.000020 2
0.000024 57
0.000016 2
0.000021 56
0.000016 2
0.000022 55
0.000015 2
0.000021 50
0.000016 2
0.000021 61
0.000016 2
0.000020 62
0.000015 2
0.000091 62
0.000017 2
0.000021 64