0.025914 8
0.000114 78
55.829231 1
0.291271 1
0.987225 1
0.421936 1
1.022979 1
0.533181 1
0.295758 1
0.669144 1
0.290960 1
2.989938 1
0.165448 1
0.201190 1
0.296967 1
0.421745 1
0.354861 1
0.174826 1
2.946838 1
0.543921 1
0.151088 1
0.570697 1
0.428760 1
0.813859 1
0.342224 1
0.772254 1
3.583288 4
0.140882 4
1.008673 1
0.712848 1
16.498034 1
0.756870 4
0.251406 1
0.479879 1
0.119333 1
0.258811 1
0.154595 1
0.174847 1
0.232005 1
0.143419 1
0.572194 1
2.761453 3
0.884316 357
1.111977 3
1.072993 1
0.197483 1
0.154871 1
0.476445 11
0.004842 42
3.105119 2
0.072258 8
0.000104 78
7.528037 82
0.023535 82
0.134730 82
0.020646 82
0.133252 82
0.146591 82
0.227206 82
0.142818 82
3.813104 1
0.202893 1
0.158179 1
0.451820 1
0.347082 1
0.833845 4
0.451060 1
0.533034 1
0.160208 1
0.231648 1
0.872323 1
0.669100 4
0.306506 1
0.320862 1
0.154216 1
0.293865 1
0.152286 1
0.156149 1
0.094905 1
0.108301 1
0.540710 1
1.165559 1
0.487805 1
0.147352 1
0.108358 1
0.389628 11
0.000841 21
0.000121 2
0.000053 27
0.000047 2
0.000056 60
0.000042 2
0.000038 25
0.000038 2
0.000040 18
0.000041 2
0.000038 51
0.000041 2
0.000015 26
0.000014 2
0.000015 66
0.000014 2
0.000324 67
0.000024 2
0.000017 58
0.000016 2
0.000017 82
0.000015 2
0.000015 60
0.000014 2
0.000014 68
0.000013 2
0.000014 73
0.000014 2
0.000014 78
0.000014 2
0.000014 68
0.000013 2
0.000014 61
0.000009 2
0.000010 29
0.000009 2
0.000010 50
0.000009 2
0.000010 42
0.000009 2
0.000010 36
0.000009 2
0.000009 39
0.000010 2
0.000009 35
0.000010 2
0.000009 36
0.000010 2
0.000009 31
0.000010 2
0.000055 51
0.000017 2
0.000010 40
0.000009 2
0.000010 19
0.000009 2
0.000009 25
0.000010 2
0.000010 30
0.000010 2
0.000009 27
0.000009 2
0.000010 16
0.000030 2
0.000014 24
0.000010 2
0.000009 21
0.000010 2
0.000009 28
0.000010 2
0.000009 27
0.000010 2
0.000009 37
0.000010 2
0.000010 66
0.000009 2
0.000010 59
0.000009 2
0.000010 65
0.000010 2
0.000009 68
0.000010 2
0.000010 68
0.000009 2
0.000010 68
0.000009 2
0.000010 59
0.000011 9
0.000010 2
0.000010 68
0.000009 2
0.000010 68
0.000009 2
0.000010 68
0.000010 2
0.000009 68
0.000010 2
0.000009 68
0.000010 2
0.000010 68
0.000009 2
0.000010 68
0.000009 2
0.000381 68
0.000018 2
0.000011 68
0.000009 2
0.000010 68
0.000009 2
0.000010 68
0.000009 2
0.000010 68
0.000009 2
0.000010 68
0.000009 2
0.000009 68
0.000010 2
0.000010 68
0.000009 2
0.000009 19
0.000042 2
0.000011 30
0.000010 2
0.000010 39
0.000009 2
0.000009 36
0.000010 2
0.000009 30
0.000009 2
0.000010 33
0.000009 2
0.000010 32
0.000009 2
0.000009 29
0.000010 2
0.000009 30
0.000009 2
0.000010 35
0.000009 2
0.000010 29
0.000009 2
0.000009 14
0.000010 2
0.000009 12
0.000010 2
0.000009 25
0.000009 2
0.000010 16
0.000009 2
0.000010 27
0.000009 2
0.000010 27
0.000009 2
0.000010 60
0.000009 2
0.000010 119
0.000010 2
0.000010 115
0.000009 2
0.000010 113
0.000009 2
0.000010 112
0.000106 3
0.000012 2
0.000011 118
0.000010 2
0.000011 36
0.000010 2
0.000082 119
0.000027 2
0.000070 115
0.000012 2
0.000010 113
0.000009 2
0.000010 115
0.000009 2
0.000091 118
0.000014 2
0.000011 118
0.000010 2
0.000012 114
0.000010 2
0.000011 112
0.000010 2
0.000010 114
0.000011 2
0.000010 117
0.000010 2
0.000011 115
0.000010 2
0.000011 111
0.000010 2
0.000010 109
0.000010 2
0.000012 111
0.000010 2
0.000011 114
0.000010 2
0.000010 54
0.000010 2
0.000010 17
0.000011 2
0.000010 17
0.000010 2
0.000010 39
0.000010 2
0.000010 25
0.000010 2
0.000011 1
0.000012 34
0.000010 2
0.000010 28
0.000010 2
0.000010 54
0.000010 2
0.000011 86
0.000010 2
0.000011 94
0.000010 2
0.000010 49
0.000010 2
0.000011 100
0.000010 2
0.000198 51
0.000019 2
0.000011 54
0.000010 2
0.000010 18
0.000010 2
0.000010 20
0.000011 2
0.000010 54
0.000010 2
0.000011 65
0.000010 2
0.000010 38
0.000010 2
0.000010 49
0.000010 2
0.000011 38
0.000010 2
0.000010 49
0.000010 2
0.000010 41
0.000010 2
0.000011 59
0.000010 2
0.000019 70
0.000018 172
0.000018 335
0.000019 337
0.000018 241
0.000017 272
0.000046 163
0.000009 78
0.000011 2
0.000010 34
0.000011 2
0.000311 8
0.000034 78
70.579404 21
0.971529 99
3.892231 1
0.499434 1
0.031769 1
0.031112 1
0.030078 1
0.028176 1
0.031618 1
0.028261 1
0.029484 1
0.029937 1
0.029917 1
0.031184 1
0.029095 1
0.029790 1
0.031275 1
0.029046 1
0.029642 1
0.031180 1
0.029323 1
0.030935 1
0.028514 1
0.030452 1
0.029470 1
0.031367 1
0.028811 1
0.030127 1
0.030057 1
0.030253 1
0.029854 1
0.029491 1
0.030614 1
0.966282 3
0.380283 3
0.269998 3
5.024104 5
1.723657 1
0.273966 5
0.592846 3
0.295724 3
0.271583 3
0.206126 3
0.156584 3
0.150283 3
0.142321 3
0.155814 3
0.707708 5
0.147630 5
0.158471 5
0.179554 5
0.445910 5
2.272602 5
0.680254 5
0.137260 5
0.336573 5
2.064352 9
0.986215 5
1.798928 9
0.451306 5
0.440464 5
0.166383 5
0.181072 5
0.313725 5
3.214532 9
0.604615 5
1.563058 5
1.066839 192
1.358811 194
2.900955 3
0.500495 3
0.030524 3
0.029815 3
0.028672 3
0.031072 3
0.030176 3
0.029241 3
0.029903 3
0.031140 3
0.028977 3
0.029592 3
0.031273 3
0.030536 3
0.029131 3
0.029847 3
0.029914 3
0.029840 3
0.029917 3
0.029366 3
0.030752 3
0.029840 1
0.029977 1
0.029548 1
0.327447 1
0.222786 222
0.189940 1
0.192059 1
0.183182 1
0.805707 3
0.209373 231
6.111142 14
0.025467 8
0.000138 78
2.315225 52
0.669420 252
0.907793 1
0.197672 1
0.455180 1
0.249728 1
0.867119 9
1.015786 1523
0.000458 8
0.000069 78
10.546245 82
0.149188 82
63.137705 1
0.262119 1
0.259467 1
0.153150 1
1.361097 1
0.151764 1
0.174260 1
0.154001 1
0.102464 1
3.391391 1
0.552714 1
0.730568 107
6.711402 1
0.134006 1
0.150457 1
0.147027 1
0.143350 1
0.242622 1
0.276472 1
0.533507 1
0.182326 1
0.161267 1
0.833301 1
0.542625 1
0.477803 107
9.872439 1
0.408806 1
0.332765 1
0.293625 1
0.193141 11
0.008571 173
45.634173 1
0.214797 1
0.216733 1
0.161822 1
0.954347 1
0.481927 1
0.296910 1
1.982051 97
2.708177 1
0.268318 1
0.414016 1
0.519435 1
1.010606 182
26.811494 1
0.218360 1
1.431929 1
0.407503 1
0.352477 1
0.323893 1
0.181132 1
1.302157 1
0.399689 1
0.408918 1
1.082621 1
0.152905 1
0.451859 1
0.149039 1
0.292557 1
12.323625 3349
0.001515 9
0.000020 1
0.000011 1
0.000010 1
0.000010 7
0.000010 1
0.000010 1
0.000011 8
0.000011 2
0.000013 17
0.000012 1
0.000015 1
0.000011 12
0.000011 1
0.000010 10
0.000011 2
0.000075 14
0.000029 1
0.000018 1
0.000017 1
0.000015 8
0.000016 1
0.000015 15
0.000017 2
0.000079 3
0.000066 1
0.000017 1
0.000011 1
0.000010 1
0.000010 13
0.000189 1
0.000026 17
0.000016 2
0.000024 8
0.000015 1
0.000015 1
0.000014 1
0.000015 8
0.000014 1
0.000015 10
0.000015 2
0.000019 13
0.000015 1
0.000014 1
0.000015 1
0.000015 13
0.000014 1
0.000015 15
0.000015 2
0.000020 3
0.000015 1
0.000014 1
0.000015 1
0.000015 1
0.000015 7
0.000014 1
0.000014 1
0.000015 6
0.000014 2
0.000020 16
0.000015 1
0.000015 1
0.000014 12
0.000015 1
0.000014 11
0.000015 2
0.000019 8
0.000014 1
0.000014 1
0.000016 1
0.000015 7
0.000015 1
0.000015 1
0.000016 14
0.000016 2
0.000026 16
0.000017 1
0.000015 1
0.000015 12
0.000015 1
0.000015 14
0.000289 2
0.000030 13
0.000015 1
0.000016 1
0.000017 1
0.000015 5
0.000016 1
0.000015 1
0.000015 8
0.000016 2
0.000021 6
0.000016 1
0.000015 1
0.000016 1
0.000015 1
0.000015 10
0.000015 1
0.000015 13
0.000016 2
0.000020 11
0.000016 1
0.000016 1
0.000016 1
0.000015 7
0.000015 1
0.000015 1
0.000017 16
0.000016 2
0.000021 2
0.000016 1
0.000015 1
0.000016 1
0.000738 1
0.000017 12
0.000011 1
0.000010 16
0.000011 2
0.000023 7
0.000012 1
0.000017 1
0.000015 1
0.000014 1
0.000010 3
0.000010 1
0.000010 1
0.000010 16
0.000010 2
0.000020 10
0.000015 1
0.000015 1
0.000014 1
0.000014 8
0.000014 1
0.000015 16
0.000015 2
0.000020 10
0.000015 1
0.000016 1
0.000014 1
0.000010 5
0.000010 1
0.000010 1
0.000010 16
0.000010 2
0.000014 10
0.000010 1
0.000010 1
0.000010 1
0.000011 10
0.000072 1
0.000010 16
0.000010 2
0.000014 10
0.000009 1
0.000010 1
0.000009 1
0.000010 3
0.000009 1
0.000011 1
0.000013 16
0.000012 2
0.000013 10
0.000009 1
0.000010 1
0.000009 1
0.000010 8
0.000009 1
0.000010 14
0.000010 2
0.000012 10
0.000010 1
0.000009 1
0.000009 1
0.000010 7
0.000009 1
0.000009 1
0.000010 14
0.000009 2
0.000012 10
0.000010 1
0.000009 1
0.000009 1
0.000011 12
0.000010 1
0.000009 14
0.000010 2
0.000012 3
0.000010 1
0.000009 1
0.000010 1
0.000009 1
0.000010 13
0.000009 1
0.000010 7
0.000022 2
0.000012 8
0.000009 1
0.000010 1
0.000011 1
0.000068 5
0.000279 1
0.000012 1
0.000010 11
0.000010 2
0.000016 8
0.000010 1
0.000010 1
0.000010 1
0.000010 10
0.000010 1
0.000010 14
0.000011 2
0.000013 13
0.000010 1
0.000013 1
0.000015 1
0.000015 6
0.000015 1
0.000015 1
0.000016 14
0.000015 2
0.000020 19
0.000014 1
0.000015 1
0.000014 11
0.000016 1
0.000016 9
0.000014 2
0.000020 17
0.000016 1
0.000016 1
0.000015 11
0.000015 1
0.000014 9
0.000015 2
0.000020 22
0.000015 1
0.000016 1
0.000015 5
0.000015 1
0.000016 1
0.000015 14
0.000016 2
0.000020 23
0.000027 1
0.000015 1
0.000014 10
0.000015 1
0.000015 16
0.000015 2
0.000020 11
0.000015 1
0.000015 1
0.000014 1
0.000015 9
0.000015 1
0.000015 16
0.000015 2
0.000021 16
0.000015 1
0.000015 1
0.000016 14
0.000015 1
0.000016 16
0.000017 2
0.000020 9
0.000016 1
0.000015 1
0.000016 1
0.000016 13
0.000015 1
0.000014 16
0.000016 2
0.000020 17
0.000015 1
0.000015 1
0.000016 32
0.000017 2
0.000022 14
0.000015 1
0.000016 1
0.000015 1
0.000015 4
0.000014 1
0.000014 1
0.000016 16
0.000016 2
0.000020 8
0.000016 1
0.000016 1
0.000016 1
0.000016 9
0.000015 1
0.000015 16
0.000015 2
0.000020 16
0.000015 1
0.000014 1
0.000015 7
0.000015 1
0.000016 1
0.000015 9
0.000016 2
0.000021 13
0.000015 1
0.000029 1
0.000015 1
0.000015 7
0.000016 1
0.000016 1
0.000016 14
0.000015 2
0.000020 29
0.000015 1
0.000015 12
0.000015 1
0.000014 18
0.000016 2
0.000022 36
0.000015 1
0.000015 1
0.000015 21
0.000014 2
0.000020 5
0.000016 1
0.000014 1
0.000039 11
0.000023 39
0.000027 7
0.000017 32
0.000024 3
0.000022 41
0.000089 12
0.000014 11
0.000024 9
0.000010 2
0.000972 30
0.000017 2
0.000047 2
0.000013 18
0.000010 2
0.000710 6
0.000027 2
0.000132 2
0.000015 19
0.000011 2
0.002979 4
0.000033 2
0.000097 2
0.000035 19
0.000027 2
0.000982 6
0.000031 2
0.000053 2
0.000033 14
0.000026 2
0.000054 17
0.000027 2
0.000050 2
0.000033 19
0.000025 2
0.000583 26
0.000031 2
0.000056 2
0.000033 46
0.000027 2
0.000527 13
0.000029 2
0.000047 2
0.000033 16
0.000026 2
0.000487 3
0.000040 1
0.000029 1
0.000026 16
0.000026 2
0.000032 12
0.000029 1
0.000026 37
0.000026 2
0.000031 7
0.000029 1
0.000026 1
0.000026 36
0.000025 2
0.000031 5
0.000031 1
0.000027 1
0.000026 40
0.000026 2
0.000031 11
0.000029 1
0.000025 39
0.000026 2
0.000031 48
0.000029 2
0.000030 13
0.000030 1
0.000027 22
0.000026 2
0.000031 8
0.000029 1
0.000025 15
0.000026 2
0.000030 14
0.000029 1
0.000026 18
0.000026 2
0.000212 11
0.000015 2
0.000072 2
0.000033 20
0.000026 2
0.000468 53
0.000041 2
0.000046 2
0.000036 29
0.000030 2
0.000577 14
0.000038 1
0.000027 1
0.000026 17
0.000026 2
0.000032 12
0.000029 1
0.000026 1
0.000026 16
0.000026 2
0.000031 6
0.000029 1
0.000025 1
0.000026 1
0.000025 18
0.000026 2
0.000031 5
0.000064 1
0.000027 1
0.000026 1
0.000026 16
0.000026 2
0.000032 14
0.000029 1
0.000026 1
0.000026 12
0.000026 2
0.000031 4
0.000030 1
0.000025 1
0.000026 1
0.000026 11
0.000026 2
0.000030 4
0.000030 1
0.000026 1
0.000025 1
0.000026 12
0.000026 2
0.000030 8
0.000030 1
0.000026 1
0.000025 9
0.000026 2
0.000031 6
0.000029 1
0.000026 1
0.000165 1504
0.000385 14
0.000035 1
0.000027 48
0.000026 2
0.000049 2
0.000036 47
0.000029 2
0.000485 193
0.000394 45
0.000376 425
0.000442 356
0.000346 73
0.000373 71
0.000445 488
0.000391 22
0.000439 82
0.000683 257
0.001161 53
0.001304 74
0.000374 80
0.000489 570
0.000416 312
0.000399 273
0.000465 34
0.000354 34
0.000357 34
0.000393 34
0.000293 48
0.000384 506
0.000308 45
0.000309 34
0.000297 34
0.000300 45
0.000342 34
0.000465 47
0.000615 222
0.000335 34
0.000336 169
0.000309 43
0.000343 239
0.000463 292
0.000451 208
0.000358 88
0.000367 51
0.000367 34
0.000435 34
0.000360 34
0.000399 114
0.000393 59
0.000478 34
0.000441 116
0.002381 34
0.000704 34
0.000574 34
0.000606 538
0.000400 43
0.000467 34
0.000565 178
0.000416 34
0.000450 34
0.000493 51
0.000612 34
0.000553 34
0.000436 25
0.000549 138
0.001157 1472
0.000582 44
0.000397 21
0.000461 44
0.000815 995
0.000459 73
0.000420 115
0.000444 31
0.000530 213
0.000318 18
0.000614 129
0.000468 805
0.001470 70
0.000113 45
0.000655 320
0.000411 35
0.000515 27
0.000459 106
0.000411 58
0.000399 102
0.000463 114
0.000429 39
0.000505 42
0.000582 102
0.000386 28
0.000577 26
0.001106 4095
0.000057 1190
0.000362 99
0.000598 93
0.000404 43
0.000875 167
0.000472 33
0.000581 42
0.000612 34
0.000325 29
0.000367 58
0.000366 35
0.000389 53
0.000438 186
0.000283 15
0.000530 104
0.000361 39
0.000417 210
0.000419 83
0.000374 29
0.000370 36
0.000440 26
0.000484 519
0.000350 102
0.000476 31
0.000382 33
0.000546 178
0.000327 47
0.000386 42
0.000351 46
0.000313 48
0.000334 43
0.000372 44
0.000352 46
0.000365 41
0.000361 39
0.000603 24
0.000378 23
0.000489 32
0.000448 155
0.000474 38
0.000466 24
0.000406 70
0.000423 27
0.000410 128
0.000429 59
0.000454 31
0.000909 33
0.000646 124
0.000440 37
0.000379 21
0.000414 76
0.000470 321
0.000435 82
0.000966 34
0.000015 2
0.000038 2
0.000012 32
0.000009 2
0.001166 16
0.000017 2
0.000043 2
0.000013 30
0.000010 2
0.000652 36
0.000017 2
0.000041 2
0.000013 17
0.000010 2
0.000505 18
0.000105 195
0.000487 49
0.000496 474
0.000424 70
0.000402 59
0.000498 65
0.000604 76
0.000400 105
0.000367 40
0.000326 39
0.000354 42
0.000316 35
0.000353 40
0.000375 220
0.000466 92
0.000425 48
0.000500 46
0.000244 34
0.000417 41
0.000339 57
0.000463 118
0.002344 24
0.000468 13
0.000445 621
0.000359 50
0.000335 25
0.000330 42
0.000345 119
0.000407 103
0.000632 29
0.000504 268
0.000412 58
0.000404 197
0.000385 41
0.000320 21
0.000426 41
0.000495 23
0.000473 19
0.000520 29
0.000484 239
0.000511 178
0.000418 35
0.000417 33
0.000782 2255
0.000419 293
0.001037 1754
0.000893 2
0.000144 26
0.000106 2
0.002001 2
0.000114 13
0.000050 2
0.000150 13
0.000052 2
0.000090 2
0.000115 15
0.000047 2
0.001346 2
0.000070 10
0.000040 2
0.000980 66
0.000989 2
0.000059 2
0.000016 22
0.000022 2
0.001202 30
0.000016 2
0.000047 2
0.000012 26
0.000010 2
0.001233 12
0.000019 2
0.000044 2
0.000012 28
0.000009 2
0.000524 12
0.000015 2
0.000036 2
0.000012 26
0.000009 2
0.000420 12
0.000015 2
0.000037 2
0.000013 26
0.000010 2
0.000447 12
0.000016 2
0.000037 2
0.000053 26
0.000012 2
0.000451 12
0.000042 2
0.000057 2
0.000038 26
0.000029 2
0.000425 12
0.000014 2
0.000035 2
0.000041 10
0.000012 2
0.000409 2
0.000047 10
0.000030 2
0.000479 38
0.000373 67
0.000423 47
0.000727 536
0.000279 88
0.002188 4095
0.000292 2074
0.000126 45
0.000052 1
0.000039 20
0.000038 2
0.000043 20
0.000040 1
0.000036 42
0.000036 2
0.000043 40
0.000040 1
0.000037 17
0.000037 2
0.000066 2
0.000045 13
0.000037 2
0.000086 70
0.000042 2
0.000044 59
0.000040 2
0.000045 36
0.000042 1
0.000037 9
0.000038 2
0.000062 2
0.000052 21
0.000042 2
0.001953 2194
0.000096 2
0.000051 2
0.000040 43
0.000031 2
0.000050 57
0.000163 2
0.000036 46
0.000090 2
0.000047 2
0.000038 44
0.000031 2
0.000124 16
0.000032 2
0.000031 21
0.000030 2
0.000031 22
0.000029 2
0.000031 13
0.000029 2
0.000032 21
0.000029 2
0.000031 10
0.000029 2
0.000031 13
0.000029 2
0.000031 14
0.000029 2
0.000031 21
0.000030 2
0.000031 20
0.000030 2
0.000031 29
0.000029 2
0.000031 19
0.000030 2
0.000031 19
0.000029 2
0.000032 21
0.000029 2
0.000031 28
0.000030 2
0.000031 23
0.000029 2
0.000032 22
0.000029 2
0.000031 16
0.000029 2
0.000032 17
0.000029 2
0.000031 16
0.000030 2
0.000031 27
0.000030 2
0.000031 22
0.000030 2
0.000031 18
0.000030 2
0.000032 23
0.000029 2
0.000031 23
0.000030 2
0.000032 23
0.000029 2
0.000032 25
0.000029 2
0.000032 25
0.000030 2
0.000032 39
0.000030 2
0.000032 21
0.000030 2
0.000032 14
0.000030 2
0.000032 24
0.000029 2
0.000033 24
0.000029 2
0.000033 41
0.000030 2
0.000032 41
0.000031 2
0.000031 41
0.000030 2
0.000031 23
0.000030 2
0.000031 23
0.000030 2
0.000032 47
0.000029 2
0.000032 30
0.000030 2
0.000032 30
0.000030 2
0.000031 12
0.000030 2
0.000032 21
0.000030 2
0.000032 25
0.000030 2
0.000031 17
0.000030 2
0.000032 23
0.000030 2
0.000166 25
0.000040 2
0.000033 12
0.000030 2
0.000031 28
0.000031 2
0.000033 48
0.000029 2
0.000031 14
0.000029 2
0.000032 23
0.000031 2
0.000057 2
0.000036 48
0.000029 2
0.000058 34
0.000032 2
0.000042 2
0.000035 45
0.000030 2
0.000039 19
0.000032 2
0.000038 2
0.000036 51
0.000029 2
0.000039 14
0.000032 2
0.000039 2
0.000035 39
0.000030 2
0.000041 34
0.000032 2
0.000038 2
0.000036 41
0.000029 2
0.000041 12
0.000187 2
0.000047 2
0.000036 40
0.000029 2
0.000041 28
0.000032 2
0.000039 2
0.000035 39
0.000029 2
0.000041 49
0.000032 2
0.000038 2
0.000035 41
0.000012 2
0.000025 12
0.000030 1
0.000025 40
0.000011 2
0.000013 34
0.000009 1
0.000009 16
0.000008 2
0.000020 2
0.000035 41
0.000011 2
0.000045 16
0.000030 1
0.000010 16
0.000009 1
0.000008 25
0.000009 2
0.000013 22
0.000028 1
0.000010 22
0.000009 2
0.000020 2
0.000034 40
0.000011 2
0.000035 13
0.000029 1
0.000026 1
0.000010 37
0.000009 2
0.000014 37
0.000028 1
0.000010 29
0.000009 2
0.000013 15
0.000009 1
0.000009 1
0.000009 36
0.000028 2
0.000014 76
0.000009 2
0.000011 20
0.000009 1
0.000009 13
0.000009 1
0.000068 32
0.000033 2
0.000024 2
0.000012 18
0.000029 2
0.000033 20
0.000030 2
0.000013 26
0.000028 2
0.000014 34
0.000009 2
0.000011 22
0.000009 2
0.000033 32
0.000011 2
0.000011 64
0.000009 2
0.000011 20
0.000008 2
0.000020 2
0.000034 39
0.000030 2
0.000027 16
0.000030 2
0.000015 18
0.000010 2
0.000012 64
0.000030 2
0.000013 25
0.000010 2
0.000011 18
0.000010 2
0.000020 2
0.000036 45
0.000010 2
0.000046 70
0.000031 2
0.000021 2
0.000036 53
0.000011 2
0.000023 21
0.000031 1
0.000010 47
0.000010 2
0.000013 25
0.000010 2
0.000041 2
0.000013 41
0.000030 2
0.000022 30
0.000041 2
0.000021 2
0.000012 39
0.000010 2
0.000060 14
0.000058 1
0.000082 1
0.000013 18
0.000028 1
0.000013 24
0.000027 2
0.000017 46
0.000010 1
0.000009 17
0.000010 2
0.000012 22
0.000010 1
0.000009 17
0.000010 2
0.000048 2
0.000013 14
0.000030 2
0.003827 6
0.000073 2
0.000075 2
0.000038 14
0.000030 2
0.000613 49
0.000407 32
0.000347 26
0.000371 44
0.000382 48
0.000616 207
0.000603 181
0.000666 46
0.000777 94
0.001643 54
0.000572 298
0.000442 13
0.000549 41
0.001309 215
0.000526 45
0.000544 7
0.000014 2
0.000035 2
0.000013 25
0.000009 2
0.000541 46
0.000466 242
0.001062 76
0.000412 22
0.000383 33
0.000359 24
0.000445 298
0.000422 423
0.000410 82
0.000389 37
0.000427 44
0.000392 42
0.000311 47
0.000367 25
0.000357 22
0.000406 68
0.000431 331
0.000564 1650
0.000405 149
0.000531 135
